0 94 RECIFE_BAIRROS_UTM_SAD69 OBJECTID
357 405     0.000445311224
357 387     0.000484383753
357 382     0.000527226273
358 424     0.000788831793
358 423     0.000762906311
358 419     0.000529463121
358 409     0.000471702744
358 426     0.000790648537
358 422     0.000380877969
358 420     0.000450570071
358 360     0.000528997023
358 359     0.000415877485
358 362     0.000361328423
358 397      0.00036341711
358 379     0.000357884957
358 374     0.000389783603
358 390      0.00036643046
358 380     0.000496174892
358 371     0.000564379827
358 395     0.000477677533
358 375     0.000511822423
358 425      0.00115693792
358 407     0.000488758948
358 396      0.00128257813
358 393     0.000711404834
358 369     0.000475570465
358 363     0.000392053605
358 370     0.000649017641
358 383     0.000570275733
358 365      0.00101373727
358 373      0.00140324731
358 372      0.00151502544
359 424      0.00052169569
359 423     0.000396154544
359 421     0.000478292602
359 394     0.000386926503
359 402     0.000353973636
359 419      0.00048613977
359 426     0.000876628459
359 422     0.000690291208
359 408     0.000437116189
359 420      0.00134381238
359 360      0.00150481553
359 399     0.000676490859
359 418      0.00141791028
359 367      0.00141589902
359 362     0.000945942056
359 417     0.000923404464
359 381     0.000608007906
359 405     0.000374585324
359 425     0.000596365346
359 396     0.000408276792
359 388      0.00044565352
359 369     0.000469245174
359 363     0.000581142991
359 370     0.000422989491
359 383     0.000731037886
359 365     0.000586953255
359 373     0.000363144497
359 358     0.000415877485
359 386     0.000427178741
359 361     0.000463131048
359 366      0.00037164892
360 424     0.000797988077
360 423     0.000537289804
360 421     0.000586256847
360 394     0.000427154281
360 402     0.000411608722
360 419     0.000700723439
360 400     0.000405615776
360 409     0.000378481765
360 426      0.00147281112
360 422     0.000894895926
360 408     0.000447868376
360 420      0.00246800517
360 399     0.000586997964
360 418        0.000890988
360 359      0.00150481553
360 367     0.000729501976
360 362     0.000631216496
360 417     0.000607684401
360 381     0.000438771483
360 425     0.000925351929
360 396     0.000550128263
360 393     0.000363289695
360 388     0.000385541418
360 369     0.000450611141
360 363     0.000492625184
360 370     0.000445317649
360 383     0.000708279537
360 365     0.000706273796
360 373     0.000423770645
360 358     0.000528997023
360 372     0.000404555963
360 361      0.00035881666
361 360      0.00035881666
361 418      0.00043607329
361 359     0.000463131048
361 367     0.000654904547
361 362     0.000775918464
361 417     0.000521993155
361 381     0.000686881489
361 391     0.000543587284
361 388     0.000614453904
361 369     0.000409894413
361 363     0.000594456913
361 383      0.00043313414
361 416     0.000421608622
361 410     0.000373051069
361 403     0.000358250763
361 386      0.00188752671
361 385     0.000921394824
361 366     0.000862325779
361 368     0.000528568311
361 387     0.000376595918
362 424     0.000367383706
362 426     0.000592317197
362 422     0.000399075383
362 420     0.000559555365
362 360     0.000631216496
362 399     0.000434997425
362 418     0.000659162049
362 359     0.000945942056
362 367      0.00128357705
362 417     0.000672767034
362 381     0.000630533625
362 425     0.000436283818
362 391     0.000417605468
362 388     0.000782064257
362 369     0.000644863702
362 363       0.0011454407
362 370     0.000483578059
362 383     0.000899446342
362 365     0.000548530347
362 373     0.000349943703
362 358     0.000361328423
362 386     0.000751239313
362 361     0.000775918464
362 385     0.000421382887
362 366     0.000460334281
362 368      0.00037757888
363 426     0.000549302575
363 420     0.000426081785
363 360     0.000492625184
363 418     0.000431812678
363 359     0.000581142991
363 367     0.000608740732
363 362       0.0011454407
363 417     0.000424660431
363 381     0.000412289094
363 392     0.000489715577
363 390     0.000476635342
363 380     0.000396780136
363 425     0.000424990998
363 391     0.000508881199
363 388      0.00175867083
363 369      0.00130399367
363 370     0.000703502179
363 383      0.00120229248
363 365     0.000637000466
363 373     0.000412736169
363 358     0.000392053605
363 386     0.000704084814
363 361     0.000594456913
363 385     0.000377003368
363 366     0.000359686749
364 406     0.000435703361
364 441     0.000348838754
364 414     0.000555854624
364 377      0.00109379254
364 392     0.000392386603
364 391     0.000420987877
364 410      0.00035216698
365 424     0.000632461222
365 423     0.000512974733
365 419     0.000464643806
365 409     0.000351078893
365 426      0.00130594211
365 422     0.000408451157
365 420     0.000550172636
365 360     0.000706273796
365 418     0.000418596824
365 359     0.000586953255
365 367     0.000455168642
365 362     0.000548530347
365 417     0.000361118718
365 390     0.000444226696
365 380      0.00051890998
365 371     0.000468736182
365 395     0.000354334042
365 375     0.000369259032
365 425      0.00103851224
365 396     0.000653210527
365 393     0.000424630733
365 388     0.000485710565
365 369     0.000815827201
365 363     0.000637000466
365 370      0.00109906577
365 383      0.00130207367
365 373     0.000931721374
365 358      0.00101373727
365 372     0.000611964455
366 399     0.000355257091
366 418      0.00039952037
366 359      0.00037164892
366 367     0.000503634711
366 362     0.000460334281
366 417     0.000512742018
366 381     0.000813266387
366 405     0.000403900474
366 391     0.000357303416
366 388      0.00035908001
366 363     0.000359686749
366 416     0.000803045033
366 403     0.000498108476
366 386     0.000607220004
366 361     0.000862325779
366 385     0.000912687955
366 368      0.00123099995
366 387     0.000597051108
366 382     0.000463131695
367 424     0.000381290312
367 421     0.000380936461
367 419     0.000364386793
367 426     0.000562259711
367 422     0.000501962553
367 408     0.000393353881
367 420     0.000718797681
367 360     0.000729501976
367 399     0.000646928207
367 418      0.00123598321
367 359      0.00141589902
367 362      0.00128357705
367 417      0.00140238003
367 381     0.000986739865
367 405     0.000421992159
367 425     0.000425330567
367 388      0.00048754974
367 369     0.000442599652
367 363     0.000608740732
367 370      0.00037422256
367 383     0.000607330844
367 365     0.000455168642
367 386      0.00055402708
367 361     0.000654904547
367 385     0.000393669294
367 366     0.000503634711
367 368     0.000448366686
367 387     0.000390929167
368 399     0.000388630751
368 418     0.000399695155
368 367     0.000448366686
368 362      0.00037757888
368 417     0.000520957591
368 381     0.000804856816
368 405     0.000539288254
368 416       0.0010130289
368 403     0.000456112398
368 386     0.000415104508
368 361     0.000528568311
368 385     0.000535682637
368 366      0.00123099995
368 387        0.001137351
368 382     0.000677957394
369 424     0.000360086961
369 426     0.000562309108
369 420     0.000384643823
369 360     0.000450611141
369 418     0.000356144245
369 359     0.000469245174
369 367     0.000442599652
369 362     0.000644863702
369 384     0.000450605066
369 392     0.000579889281
369 390     0.000697507504
369 380     0.000570316099
369 371      0.00041238817
369 425     0.000461439224
369 396     0.000364174832
369 391     0.000428775029
369 388      0.00101067544
369 363      0.00130399367
369 370      0.00141094661
369 383      0.00123724421
369 365     0.000815827201
369 373     0.000553594251
369 358     0.000475570465
369 372     0.000374200267
369 386     0.000469892288
369 361     0.000409894413
370 424     0.000406144911
370 423     0.000363461838
370 376     0.000374585187
370 426     0.000606075098
370 420     0.000377341106
370 360     0.000445317649
370 359     0.000422989491
370 367      0.00037422256
370 362     0.000483578059
370 379     0.000424671821
370 374     0.000390906498
370 384     0.000501593079
370 392     0.000486412012
370 390     0.000745576324
370 380     0.000831152486
370 371      0.00057258214
370 395     0.000369220351
370 375     0.000379260706
370 425     0.000541193177
370 396      0.00044121646
370 388     0.000589178519
370 369      0.00141094661
370 363     0.000703502179
370 383     0.000971886202
370 365      0.00109906577
370 373     0.000890448378
370 358     0.000649017641
370 372     0.000490283071
370 386     0.000354182962
371 445     0.000587171545
371 411     0.000379338798
371 430     0.000364058191
371 378     0.000362906592
371 376     0.000428276856
371 398     0.000583625824
371 413     0.000373415759
371 426      0.00035627678
371 397      0.00083551348
371 379     0.000955539521
371 374      0.00115995052
371 389     0.000402492634
371 384     0.000523760078
371 390     0.000510529119
371 380      0.00110679908
371 395     0.000902275868
371 375     0.000904601431
371 425     0.000384740013
371 407     0.000410202754
371 396     0.000409758216
371 393     0.000399567135
371 369      0.00041238817
371 370      0.00057258214
371 383     0.000373458094
371 365     0.000468736182
371 373     0.000881931961
371 358     0.000564379827
371 372     0.000606927471
372 424     0.000631210994
372 423     0.000740644632
372 419     0.000468181387
372 409     0.000516189138
372 445     0.000379262191
372 426     0.000528980011
372 420     0.000362040391
372 360     0.000404555963
372 415     0.000363855339
372 397     0.000418959258
372 379     0.000371708366
372 374     0.000434716064
372 389     0.000385431986
372 380      0.00045974635
372 371     0.000606927471
372 395      0.00062073246
372 375     0.000686266219
372 425     0.000716574177
372 407     0.000713042438
372 396      0.00113880634
372 393      0.00106008836
372 369     0.000374200267
372 370     0.000490283071
372 383     0.000416360851
372 365     0.000611964455
372 373      0.00103709469
372 358      0.00151502544
373 424      0.00050917877
373 423     0.000496640643
373 419     0.000386134308
373 409     0.000359800626
373 445     0.000375838436
373 398     0.000352951402
373 426     0.000594184196
373 420     0.000365832113
373 360     0.000423770645
373 359     0.000363144497
373 362     0.000349943703
373 397     0.000446466576
373 379     0.000473076125
373 374     0.000505287186
373 384     0.000406510822
373 390     0.000475116922
373 380       0.0007641974
373 371     0.000881931961
373 395     0.000569551034
373 375     0.000606242563
373 425     0.000677091491
373 407     0.000439042933
373 396     0.000676831886
373 393     0.000526599626
373 388     0.000358528667
373 369     0.000553594251
373 363     0.000412736169
373 370     0.000890448378
373 383     0.000570966557
373 365     0.000931721374
373 358      0.00140324731
373 372      0.00103709469
374 445     0.000993129841
374 411     0.000482550631
374 430     0.000529216685
374 378     0.000396394235
374 376     0.000438499839
374 398      0.00117036962
374 413     0.000520695386
374 397      0.00222019001
374 379      0.00137471434
374 389     0.000472046377
374 384     0.000477135411
374 390     0.000409771033
374 380     0.000667677311
374 371      0.00115995052
374 395     0.000966656103
374 375     0.000872009326
374 407     0.000373481853
374 370     0.000390906498
374 373     0.000505287186
374 358     0.000389783603
374 372     0.000434716064
375 423     0.000363627787
375 445     0.000845923591
375 430     0.000372513292
375 398      0.00056968298
375 413     0.000482037752
375 415      0.00043789767
375 397     0.000970434493
375 379     0.000555449362
375 374     0.000872009326
375 389      0.00069356775
375 380     0.000498464243
375 371     0.000904601431
375 395      0.00631684249
375 425     0.000356970078
375 407     0.000653276403
375 396     0.000429674488
375 393     0.000509839648
375 370     0.000379260706
375 365     0.000369259032
375 373     0.000606242563
375 358     0.000511822423
375 372     0.000686266219
376 439     0.000462546428
376 433      0.00041349188
376 412     0.000815828908
376 428     0.000830255125
376 411     0.000673396843
376 378      0.00161982805
376 398     0.000409947337
376 414      0.00049000364
376 397     0.000373888264
376 379     0.000643823808
376 374     0.000438499839
376 384      0.00147413524
376 392     0.000503313823
376 390      0.00068781657
376 380     0.000572425574
376 371     0.000428276856
376 370     0.000374585187
377 438     0.000351862088
377 406     0.000410923786
377 412     0.000480045733
377 414      0.00111011304
377 364      0.00109379254
377 392      0.00054467595
377 390     0.000356548241
377 391     0.000432335703
378 439     0.000643377107
378 433     0.000534120371
378 412     0.000911573154
378 428      0.00169908191
378 411     0.000892312756
378 430     0.000361166636
378 376      0.00161982805
378 398     0.000404822831
378 414     0.000458416519
378 397     0.000349882022
378 379     0.000547133147
378 374     0.000396394235
378 384     0.000773687783
378 392     0.000399266574
378 390     0.000483091531
378 380     0.000436619694
378 371     0.000362906592
379 445     0.000600775357
379 412     0.000361238662
379 428     0.000442770557
379 411      0.00062871141
379 430      0.00049169333
379 378     0.000547133147
379 376     0.000643823808
379 398     0.000881930851
379 413     0.000404978949
379 397     0.000878511989
379 374      0.00137471434
379 389     0.000351862106
379 384     0.000708131089
379 390     0.000529476068
379 380     0.000862444921
379 371     0.000955539521
379 395     0.000583498329
379 375     0.000555449362
379 370     0.000424671821
379 373     0.000473076125
379 358     0.000357884957
379 372     0.000371708366
380 445     0.000403021654
380 428     0.000350409216
380 411     0.000392663837
380 378     0.000436619694
380 376     0.000572425574
380 398     0.000449839472
380 426     0.000372079633
380 397     0.000518037526
380 379     0.000862444921
380 374     0.000667677311
380 384     0.000857592885
380 392     0.000462750085
380 390     0.000946734889
380 371      0.00110679908
380 395     0.000497147404
380 375     0.000498464243
380 425     0.000373200115
380 396      0.00035893818
380 388     0.000380662275
380 369     0.000570316099
380 363     0.000396780136
380 370     0.000831152486
380 383     0.000448143007
380 365      0.00051890998
380 373       0.0007641974
380 358     0.000496174892
380 372      0.00045974635
381 426     0.000360850502
381 422     0.000390419859
381 408     0.000378724355
381 420     0.000460222879
381 360     0.000438771483
381 399     0.000624286186
381 418     0.000767915997
381 359     0.000608007906
381 367     0.000986739865
381 362     0.000630533625
381 417      0.00137148266
381 405     0.000592322392
381 388     0.000373033377
381 363     0.000412289094
381 383     0.000381584376
381 416     0.000457599293
381 386     0.000514579006
381 361     0.000686881489
381 385      0.00046975968
381 366     0.000813266387
381 368     0.000804856816
381 387     0.000636798606
381 382     0.000380537625
382 381     0.000380537625
382 405     0.000429646123
382 416     0.000850201771
382 403     0.000441126665
382 366     0.000463131695
382 368     0.000677957394
382 387     0.000812265912
382 357     0.000527226273
383 424     0.000476043082
383 423     0.000387924509
383 419     0.000388777778
383 426     0.000967490218
383 422     0.000395397724
383 420     0.000558099743
383 360     0.000708279537
383 399     0.000351410349
383 418     0.000483966176
383 359     0.000731037886
383 367     0.000607330844
383 362     0.000899446342
383 417     0.000432912848
383 381     0.000381584376
383 392      0.00039706041
383 390     0.000457498368
383 380     0.000448143007
383 371     0.000373458094
383 425     0.000654222457
383 396      0.00044854951
383 391     0.000358745345
383 388     0.000730776594
383 369      0.00123724421
383 363      0.00120229248
383 370     0.000971886202
383 365      0.00130207367
383 373     0.000570966557
383 358     0.000570275733
383 372     0.000416360851
383 386     0.000461293154
383 361      0.00043313414
384 439     0.000352077227
384 412     0.000586100263
384 428     0.000531648325
384 411     0.000505183105
384 378     0.000773687783
384 376      0.00147413524
384 398      0.00040170117
384 414     0.000457346415
384 397     0.000394547842
384 379     0.000708131089
384 374     0.000477135411
384 392     0.000629573268
384 390      0.00124298466
384 380     0.000857592885
384 371     0.000523760078
384 388     0.000361074527
384 369     0.000450605066
384 370     0.000501593079
384 373     0.000406510822
385 367     0.000393669294
385 362     0.000421382887
385 417     0.000361386159
385 381      0.00046975968
385 391     0.000515940602
385 388     0.000411022476
385 363     0.000377003368
385 416     0.000543187602
385 410     0.000547823519
385 404      0.00042413961
385 403     0.000551346612
385 386     0.000806888102
385 361     0.000921394824
385 366     0.000912687955
385 368     0.000535682637
385 387     0.000364224543
386 418     0.000383250119
386 359     0.000427178741
386 367      0.00055402708
386 362     0.000751239313
386 417     0.000432264456
386 381     0.000514579006
386 392     0.000381575354
386 391     0.000748163392
386 388     0.000823534867
386 369     0.000469892288
386 363     0.000704084814
386 370     0.000354182962
386 383     0.000461293154
386 416     0.000355890273
386 410     0.000401346299
386 361      0.00188752671
386 385     0.000806888102
386 366     0.000607220004
386 368     0.000415104508
387 399     0.000427000708
387 418     0.000392009127
387 367     0.000390929167
387 417     0.000494041934
387 381     0.000636798606
387 405     0.000836082311
387 416     0.000657122412
387 403     0.000352390685
387 361     0.000376595918
387 385     0.000364224543
387 366     0.000597051108
387 368        0.001137351
387 382     0.000812265912
387 357     0.000484383753
388 426     0.000419948024
388 360     0.000385541418
388 418     0.000358560284
388 359      0.00044565352
388 367      0.00048754974
388 362     0.000782064257
388 417     0.000364482983
388 381     0.000373033377
388 384     0.000361074527
388 392      0.00060940329
388 390     0.000505237161
388 380     0.000380662275
388 391     0.000702979774
388 369      0.00101067544
388 363      0.00175867083
388 370     0.000589178519
388 383     0.000730776594
388 365     0.000485710565
388 373     0.000358528667
388 386     0.000823534867
388 361     0.000614453904
388 385     0.000411022476
388 366      0.00035908001
389 445     0.000772579203
389 431     0.000446994046
389 430     0.000377926706
389 398     0.000460712632
389 413     0.000702665307
389 415     0.000723602507
389 397     0.000582709126
389 379     0.000351862106
389 374     0.000472046377
389 371     0.000402492634
389 395     0.000720165804
389 375      0.00069356775
389 407     0.000578200445
389 393     0.000381191976
389 372     0.000385431986
390 412     0.000448365693
390 428     0.000376884368
390 411      0.00036116046
390 378     0.000483091531
390 376      0.00068781657
390 414     0.000432936249
390 379     0.000529476068
390 374     0.000409771033
390 384      0.00124298466
390 377     0.000356548241
390 392     0.000901453993
390 380     0.000946734889
390 371     0.000510529119
390 391     0.000364273625
390 388     0.000505237161
390 369     0.000697507504
390 363     0.000476635342
390 370     0.000745576324
390 383     0.000457498368
390 365     0.000444226696
390 373     0.000475116922
390 358      0.00036643046
391 362     0.000417605468
391 414     0.000358873881
391 377     0.000432335703
391 364     0.000420987877
391 392     0.000550314732
391 390     0.000364273625
391 388     0.000702979774
391 369     0.000428775029
391 363     0.000508881199
391 383     0.000358745345
391 410     0.000500142687
391 386     0.000748163392
391 361     0.000543587284
391 385     0.000515940602
391 366     0.000357303416
392 412     0.000469743272
392 378     0.000399266574
392 376     0.000503313823
392 414     0.000615108625
392 384     0.000629573268
392 377      0.00054467595
392 364     0.000392386603
392 390     0.000901453993
392 380     0.000462750085
392 391     0.000550314732
392 388      0.00060940329
392 369     0.000579889281
392 363     0.000489715577
392 370     0.000486412012
392 383      0.00039706041
392 386     0.000381575354
393 424     0.000640146643
393 423     0.000977626493
393 419     0.000530101799
393 400     0.000389697022
393 401     0.000407291854
393 409     0.000870298051
393 426     0.000427517654
393 360     0.000363289695
393 415     0.000437848762
393 389     0.000381191976
393 371     0.000399567135
393 395     0.000472590182
393 375     0.000509839648
393 425     0.000574822488
393 407      0.00104232223
393 396      0.00105510351
393 365     0.000424630733
393 373     0.000526599626
393 358     0.000711404834
393 372      0.00106008836
394 424     0.000408810971
394 423     0.000365588237
394 421      0.00129340569
394 402      0.00145973591
394 419     0.000531450377
394 400     0.000700043095
394 401     0.000509037979
394 409     0.000354819179
394 422     0.000816481603
394 408      0.00139568964
394 420     0.000509124186
394 360     0.000427154281
394 399     0.000605288087
394 418       0.0004582106
394 359     0.000386926503
394 417     0.000386739301
394 405     0.000376583261
395 445     0.000974465561
395 430     0.000395736775
395 398     0.000622997319
395 413     0.000517839214
395 415     0.000430464838
395 397      0.00113358419
395 379     0.000583498329
395 374     0.000966656103
395 389     0.000720165804
395 380     0.000497147404
395 371     0.000902275868
395 375      0.00631684249
395 407     0.000605129887
395 396     0.000402726683
395 393     0.000472590182
395 370     0.000369220351
395 365     0.000354334042
395 373     0.000569551034
395 358     0.000477677533
395 372      0.00062073246
396 424      0.00137288764
396 423      0.00186372478
396 421     0.000422261872
396 402     0.000358606094
396 419     0.000794977081
396 400     0.000436120348
396 401      0.00041571625
396 409     0.000736827993
396 426     0.000716216034
396 422       0.0004508385
396 420      0.00049207164
396 360     0.000550128263
396 359     0.000408276792
396 380      0.00035893818
396 371     0.000409758216
396 395     0.000402726683
396 375     0.000429674488
396 425      0.00126036954
396 407     0.000542458712
396 393      0.00105510351
396 369     0.000364174832
396 370      0.00044121646
396 383      0.00044854951
396 365     0.000653210527
396 373     0.000676831886
396 358      0.00128257813
396 372      0.00113880634
397 445      0.00179459889
397 411     0.000442747724
397 431      0.00037895677
397 430     0.000588644022
397 378     0.000349882022
397 376     0.000373888264
397 398      0.00137826409
397 413     0.000668555494
397 379     0.000878511989
397 374      0.00222019001
397 389     0.000582709126
397 384     0.000394547842
397 380     0.000518037526
397 371      0.00083551348
397 395      0.00113358419
397 375     0.000970434493
397 407     0.000397915122
397 373     0.000446466576
397 358      0.00036341711
397 372     0.000418959258
398 445      0.00113629869
398 440     0.000381097049
398 428     0.000371786056
398 411     0.000599298504
398 431     0.000417761764
398 430     0.000965993255
398 378     0.000404822831
398 376     0.000409947337
398 413     0.000717249239
398 397      0.00137826409
398 379     0.000881930851
398 374      0.00117036962
398 389     0.000460712632
398 384      0.00040170117
398 380     0.000449839472
398 371     0.000583625824
398 395     0.000622997319
398 375      0.00056968298
398 373     0.000352951402
399 424       0.0003811416
399 421      0.00060958072
399 394     0.000605288087
399 402     0.000455385393
399 419     0.000420913728
399 400      0.00036701646
399 426     0.000419988376
399 422     0.000805401782
399 408     0.000948331195
399 420      0.00074173748
399 360     0.000586997964
399 418      0.00124746388
399 359     0.000676490859
399 367     0.000646928207
399 362     0.000434997425
399 417      0.00102286514
399 381     0.000624286186
399 405     0.000688821753
399 425     0.000368157018
399 383     0.000351410349
399 366     0.000355257091
399 368     0.000388630751
399 387     0.000427000708
400 424       0.0005518213
400 423     0.000563117194
400 421     0.000921193445
400 394     0.000700043095
400 402      0.00129887825
400 419     0.000826958955
400 401      0.00172102548
400 409     0.000663148385
400 426     0.000367130992
400 422     0.000610376752
400 408     0.000480711017
400 420     0.000444099047
400 360     0.000405615776
400 399      0.00036701646
400 425     0.000414044156
400 396     0.000436120348
400 393     0.000389697022
401 424     0.000480791462
401 423     0.000535062201
401 421      0.00060064335
401 394     0.000509037979
401 402     0.000780085874
401 419      0.00064270117
401 400      0.00172102548
401 409     0.000762160804
401 422     0.000455709082
401 408     0.000378572963
401 420     0.000362541488
401 425     0.000370610896
401 396      0.00041571625
401 393     0.000407291854
402 424     0.000460199248
402 423     0.000430470385
402 421      0.00135923439
402 394      0.00145973591
402 419     0.000644359832
402 400      0.00129887825
402 401     0.000780085874
402 409     0.000446550178
402 426     0.000349733704
402 422      0.00072653001
402 408     0.000722734483
402 420     0.000472776085
402 360     0.000411608722
402 399     0.000455385393
402 418     0.000388725187
402 359     0.000353973636
402 425     0.000369660212
402 396     0.000358606094
403 416     0.000759286785
403 410     0.000427822663
403 404     0.000707606635
403 361     0.000358250763
403 385     0.000551346612
403 366     0.000498108476
403 368     0.000456112398
403 387     0.000352390685
403 382     0.000441126665
404 416      0.00037031706
404 410      0.00061873377
404 403     0.000707606635
404 385      0.00042413961
405 394     0.000376583261
405 422     0.000374464061
405 408     0.000515338391
405 420     0.000361897202
405 399     0.000688821753
405 418     0.000503590919
405 359     0.000374585324
405 367     0.000421992159
405 417     0.000599912649
405 381     0.000592322392
405 416     0.000371614392
405 366     0.000403900474
405 368     0.000539288254
405 387     0.000836082311
405 382     0.000429646123
405 357     0.000445311224
406 438     0.000514971602
406 435     0.000504977059
406 429     0.000673122305
406 436     0.000495216274
406 434     0.000624189275
406 414     0.000376237381
406 377     0.000410923786
406 364     0.000435703361
407 424     0.000398375165
407 423     0.000504518276
407 419     0.000351944282
407 409     0.000523574269
407 445     0.000407306774
407 415     0.000726035111
407 397     0.000397915122
407 374     0.000373481853
407 389     0.000578200445
407 371     0.000410202754
407 395     0.000605129887
407 375     0.000653276403
407 425     0.000384022871
407 396     0.000542458712
407 393      0.00104232223
407 373     0.000439042933
407 358     0.000488758948
407 372     0.000713042438
408 424     0.000370865121
408 421     0.000866984158
408 394      0.00139568964
408 402     0.000722734483
408 419     0.000448172298
408 400     0.000480711017
408 401     0.000378572963
408 422      0.00080690024
408 420     0.000547087941
408 360     0.000447868376
408 399     0.000948331195
408 418     0.000574633413
408 359     0.000437116189
408 367     0.000393353881
408 417     0.000492475804
408 381     0.000378724355
408 405     0.000515338391
409 424     0.000698493815
409 423      0.00110680231
409 421     0.000454568556
409 394     0.000354819179
409 402     0.000446550178
409 419     0.000758822523
409 400     0.000663148385
409 401     0.000762160804
409 426     0.000399015941
409 422     0.000411891731
409 420     0.000375875519
409 360     0.000378481765
409 425     0.000512542098
409 407     0.000523574269
409 396     0.000736827993
409 393     0.000870298051
409 365     0.000351078893
409 373     0.000359800626
409 358     0.000471702744
409 372     0.000516189138
410 364      0.00035216698
410 391     0.000500142687
410 404      0.00061873377
410 403     0.000427822663
410 386     0.000401346299
410 361     0.000373051069
410 385     0.000547823519
411 439     0.000583821979
411 433     0.000433528777
411 445     0.000392497015
411 440     0.000378628142
411 412     0.000458429149
411 428     0.000920101818
411 430     0.000591066344
411 378     0.000892312756
411 376     0.000673396843
411 398     0.000599298504
411 397     0.000442747724
411 379      0.00062871141
411 374     0.000482550631
411 384     0.000505183105
411 390      0.00036116046
411 380     0.000392663837
411 371     0.000379338798
412 432     0.000350306686
412 439     0.000566796091
412 433     0.000602696849
412 438     0.000465128444
412 428     0.000816149559
412 411     0.000458429149
412 378     0.000911573154
412 376     0.000815828908
412 414     0.000844047355
412 379     0.000361238662
412 384     0.000586100263
412 377     0.000480045733
412 392     0.000469743272
412 390     0.000448365693
413 445      0.00102044158
413 440     0.000409914153
413 431     0.000864292033
413 430     0.000740320912
413 398     0.000717249239
413 415     0.000362389784
413 397     0.000668555494
413 379     0.000404978949
413 374     0.000520695386
413 389     0.000702665307
413 371     0.000373415759
413 395     0.000517839214
413 375     0.000482037752
414 433     0.000384923133
414 438     0.000417497252
414 406     0.000376237381
414 412     0.000844047355
414 428     0.000415401822
414 378     0.000458416519
414 376      0.00049000364
414 384     0.000457346415
414 377      0.00111011304
414 364     0.000555854624
414 392     0.000615108625
414 390     0.000432936249
414 391     0.000358873881
415 445     0.000380144862
415 413     0.000362389784
415 389     0.000723602507
415 395     0.000430464838
415 375      0.00043789767
415 407     0.000726035111
415 393     0.000437848762
415 372     0.000363855339
416 381     0.000457599293
416 405     0.000371614392
416 404      0.00037031706
416 403     0.000759286785
416 386     0.000355890273
416 361     0.000421608622
416 385     0.000543187602
416 366     0.000803045033
416 368       0.0010130289
416 387     0.000657122412
416 382     0.000850201771
417 424     0.000351154956
417 421     0.000416817369
417 394     0.000386739301
417 419     0.000355751822
417 426     0.000450879838
417 422       0.0005457343
417 408     0.000492475804
417 420     0.000676075044
417 360     0.000607684401
417 399      0.00102286514
417 418      0.00171520576
417 359     0.000923404464
417 367      0.00140238003
417 362     0.000672767034
417 381      0.00137148266
417 405     0.000599912649
417 425     0.000367624689
417 388     0.000364482983
417 363     0.000424660431
417 383     0.000432912848
417 365     0.000361118718
417 386     0.000432264456
417 361     0.000521993155
417 385     0.000361386159
417 366     0.000512742018
417 368     0.000520957591
417 387     0.000494041934
418 424     0.000438521562
418 421     0.000531432873
418 394       0.0004582106
418 402     0.000388725187
418 419     0.000448832425
418 426     0.000570597786
418 422     0.000780645707
418 408     0.000574633413
418 420      0.00110538742
418 360        0.000890988
418 399      0.00124746388
418 359      0.00141791028
418 367      0.00123598321
418 362     0.000659162049
418 417      0.00171520576
418 381     0.000767915997
418 405     0.000503590919
418 425      0.00045408044
418 388     0.000358560284
418 369     0.000356144245
418 363     0.000431812678
418 383     0.000483966176
418 365     0.000418596824
418 386     0.000383250119
418 361      0.00043607329
418 366      0.00039952037
418 368     0.000399695155
418 387     0.000392009127
419 424      0.00159448003
419 423       0.0011459122
419 421     0.000890241184
419 394     0.000531450377
419 402     0.000644359832
419 400     0.000826958955
419 401      0.00064270117
419 409     0.000758822523
419 426     0.000649594451
419 422     0.000875574917
419 408     0.000448172298
419 420     0.000732308292
419 360     0.000700723439
419 399     0.000420913728
419 418     0.000448832425
419 359      0.00048613977
419 367     0.000364386793
419 417     0.000355751822
419 425     0.000827042146
419 407     0.000351944282
419 396     0.000794977081
419 393     0.000530101799
419 383     0.000388777778
419 365     0.000464643806
419 373     0.000386134308
419 358     0.000529463121
419 372     0.000468181387
420 424     0.000726243838
420 423     0.000507069335
420 421     0.000724493205
420 394     0.000509124186
420 402     0.000472776085
420 419     0.000732308292
420 400     0.000444099047
420 401     0.000362541488
420 409     0.000375875519
420 426     0.000936599061
420 422      0.00132413981
420 408     0.000547087941
420 360      0.00246800517
420 399      0.00074173748
420 418      0.00110538742
420 359      0.00134381238
420 367     0.000718797681
420 362     0.000559555365
420 417     0.000676075044
420 381     0.000460222879
420 405     0.000361897202
420 425     0.000729384894
420 396      0.00049207164
420 369     0.000384643823
420 363     0.000426081785
420 370     0.000377341106
420 383     0.000558099743
420 365     0.000550172636
420 373     0.000365832113
420 358     0.000450570071
420 372     0.000362040391
421 424     0.000597630892
421 423     0.000502384932
421 394      0.00129340569
421 402      0.00135923439
421 419     0.000890241184
421 400     0.000921193445
421 401      0.00060064335
421 409     0.000454568556
421 426       0.0004580718
421 422      0.00155525252
421 408     0.000866984158
421 420     0.000724493205
421 360     0.000586256847
421 399      0.00060958072
421 418     0.000531432873
421 359     0.000478292602
421 367     0.000380936461
421 417     0.000416817369
421 425     0.000471940679
421 396     0.000422261872
422 424      0.00067118502
422 423     0.000507612512
422 421      0.00155525252
422 394     0.000816481603
422 402      0.00072653001
422 419     0.000875574917
422 400     0.000610376752
422 401     0.000455709082
422 409     0.000411891731
422 426      0.00059399302
422 408      0.00080690024
422 420      0.00132413981
422 360     0.000894895926
422 399     0.000805401782
422 418     0.000780645707
422 359     0.000690291208
422 367     0.000501962553
422 362     0.000399075383
422 417       0.0005457343
422 381     0.000390419859
422 405     0.000374464061
422 425      0.00056513827
422 396       0.0004508385
422 383     0.000395397724
422 365     0.000408451157
422 358     0.000380877969
423 424      0.00164356341
423 421     0.000502384932
423 394     0.000365588237
423 402     0.000430470385
423 419       0.0011459122
423 400     0.000563117194
423 401     0.000535062201
423 409      0.00110680231
423 426     0.000615813688
423 422     0.000507612512
423 420     0.000507069335
423 360     0.000537289804
423 359     0.000396154544
423 375     0.000363627787
423 425     0.000951352855
423 407     0.000504518276
423 396      0.00186372478
423 393     0.000977626493
423 370     0.000363461838
423 383     0.000387924509
423 365     0.000512974733
423 373     0.000496640643
423 358     0.000762906311
423 372     0.000740644632
424 423      0.00164356341
424 421     0.000597630892
424 394     0.000408810971
424 402     0.000460199248
424 419      0.00159448003
424 400       0.0005518213
424 401     0.000480791462
424 409     0.000698493815
424 426     0.000918571431
424 422      0.00067118502
424 408     0.000370865121
424 420     0.000726243838
424 360     0.000797988077
424 399       0.0003811416
424 418     0.000438521562
424 359      0.00052169569
424 367     0.000381290312
424 362     0.000367383706
424 417     0.000351154956
424 425      0.00161718172
424 407     0.000398375165
424 396      0.00137288764
424 393     0.000640146643
424 369     0.000360086961
424 370     0.000406144911
424 383     0.000476043082
424 365     0.000632461222
424 373      0.00050917877
424 358     0.000788831793
424 372     0.000631210994
425 424      0.00161718172
425 423     0.000951352855
425 421     0.000471940679
425 402     0.000369660212
425 419     0.000827042146
425 400     0.000414044156
425 401     0.000370610896
425 409     0.000512542098
425 426      0.00165311645
425 422      0.00056513827
425 420     0.000729384894
425 360     0.000925351929
425 399     0.000368157018
425 418      0.00045408044
425 359     0.000596365346
425 367     0.000425330567
425 362     0.000436283818
425 417     0.000367624689
425 380     0.000373200115
425 371     0.000384740013
425 375     0.000356970078
425 407     0.000384022871
425 396      0.00126036954
425 393     0.000574822488
425 369     0.000461439224
425 363     0.000424990998
425 370     0.000541193177
425 383     0.000654222457
425 365      0.00103851224
425 373     0.000677091491
425 358      0.00115693792
425 372     0.000716574177
426 424     0.000918571431
426 423     0.000615813688
426 421       0.0004580718
426 402     0.000349733704
426 419     0.000649594451
426 400     0.000367130992
426 409     0.000399015941
426 422      0.00059399302
426 420     0.000936599061
426 360      0.00147281112
426 399     0.000419988376
426 418     0.000570597786
426 359     0.000876628459
426 367     0.000562259711
426 362     0.000592317197
426 417     0.000450879838
426 381     0.000360850502
426 380     0.000372079633
426 371      0.00035627678
426 425      0.00165311645
426 396     0.000716216034
426 393     0.000427517654
426 388     0.000419948024
426 369     0.000562309108
426 363     0.000549302575
426 370     0.000606075098
426 383     0.000967490218
426 365      0.00130594211
426 373     0.000594184196
426 358     0.000790648537
426 372     0.000528980011
427 446     0.000474381128
427 437     0.000684700567
427 450     0.000452899197
427 432      0.00153753196
427 439     0.000511170779
427 433     0.000543083046
427 449     0.000441513509
427 438     0.000395648364
428 432     0.000423551753
428 439      0.00102922225
428 433     0.000730182793
428 438     0.000380127264
428 412     0.000816149559
428 411     0.000920101818
428 430      0.00036124534
428 378      0.00169908191
428 376     0.000830255125
428 398     0.000371786056
428 414     0.000415401822
428 379     0.000442770557
